2.035596602300000086e+04 1.616712723700000060e+04
3.998859201999999641e+04 1.977319784699999946e+04
2.357254897100000017e+04 3.152918402200000128e+04
3.730436959000000206e+04 3.207924943500000154e+04
2.451251317900000140e+04 3.883582608900000196e+04
4.086725386900000012e+04 3.856588448800000333e+04
2.752084047799999826e+04 4.692151598599999852e+04
3.606787787399999797e+04 4.489449074799999653e+04
1.934571092299999873e+04 5.197204093999999895e+04
3.363574923300000228e+04 4.966347940399999788e+04
